0 40
0 45
0 50
0 95
1 6
1 10
1 32
1 43
2 9
2 12
2 57
2 73
2 78
3 37
3 53
3 90
3 93
4 5
4 15
4 25
4 36
4 41
4 56
5 84
5 86
5 90
6 30
6 38
6 43
7 39
7 65
7 66
7 71
8 17
8 38
8 58
8 77
8 87
9 16
9 23
9 82
10 31
10 36
10 42
11 14
11 52
11 58
12 27
12 55
13 15
13 34
13 88
14 23
14 50
14 62
14 77
15 33
15 57
15 91
16 65
16 87
17 27
17 29
17 67
17 68
17 92
18 35
18 46
18 59
18 85
19 24
19 28
19 54
19 56
19 61
19 71
20 25
20 45
20 60
20 69
20 77
21 59
21 60
21 76
22 40
22 54
22 55
22 64
22 93
23 80
24 37
24 52
24 62
24 67
24 85
25 39
25 63
25 84
26 41
26 70
26 92
27 71
28 68
28 72
28 79
29 65
29 68
29 71
29 86
30 40
30 55
30 61
31 50
31 54
32 37
32 59
32 64
33 55
33 82
33 86
34 72
34 90
35 67
35 95
36 77
37 65
38 69
38 79
38 89
39 73
39 85
39 94
40 89
41 66
41 72
42 62
42 64
42 69
42 90
43 46
43 53
44 52
44 63
44 78
45 46
45 76
46 49
47 51
47 73
47 86
48 51
48 61
48 80
48 83
48 88
48 90
49 65
49 80
50 74
50 81
50 89
51 78
52 91
52 92
53 78
53 82
54 58
54 85
54 95
55 82
55 95
56 68
56 80
56 81
57 59
58 89
58 91
58 93
59 67
60 81
60 82
61 70
61 73
61 91
62 75
63 81
64 95
65 76
66 71
66 81
66 84
66 90
67 83
68 75
68 77
70 79
70 85
70 88
71 81
72 77
72 88
73 84
73 94
74 91
74 93
75 76
76 85
76 93
79 89
79 91
80 88
82 95
83 87
84 94
92 93
